# Dist      HMC        Vegas      Verr       Dipole    Difference
 1.001000  -2.929976 -2.835099   0.006602  -1.994012   0.094877
 1.158842  -1.667226 -1.670750   0.004976  -1.285160   0.003523
 1.316684  -1.097884 -1.076456   0.005162  -0.876163   0.021428
 1.474526  -0.661593 -0.732281   0.004413  -0.623839   0.070688
 1.632368  -0.526651 -0.520034   0.004156  -0.459807   0.006617
 1.790211  -0.355647 -0.391121   0.003712  -0.348592   0.035473
 1.948053  -0.298850 -0.298976   0.003440  -0.270538   0.000126
 2.105895  -0.197761 -0.237991   0.003372  -0.214151   0.040230
 2.263737  -0.198287 -0.184616   0.002810  -0.172406   0.013672
 2.421579  -0.144113 -0.147427   0.002843  -0.140843   0.003314
 2.579421  -0.140858 -0.121864   0.002210  -0.116537   0.018993
 2.737263  -0.087016 -0.102201   0.002285  -0.097517   0.015186
 2.895105  -0.105916 -0.085075   0.002039  -0.082421   0.020841
 3.052947  -0.066117 -0.075632   0.002289  -0.070287   0.009516
 3.210789  -0.077415 -0.063604   0.001898  -0.060422   0.013811
 3.368632  -0.034575 -0.051832   0.001844  -0.052320   0.017258
 3.526474  -0.077360 -0.045824   0.002107  -0.045605   0.031536
 3.684316  -0.040759 -0.042878   0.001678  -0.039991   0.002120
 3.842158  -0.041994 -0.037273   0.001865  -0.035262   0.004721
 4.000000  -0.042187 -0.033253   0.001573  -0.031250   0.008933
Time Vegas: 196.51 Time HMC: 9.33
Speedup: 21.07
